1.000000
8

1.000000	

-0.002193	
0.003687	
-0.032912	
-0.073768	
-0.024521	
-0.017707	
0.055510	
0.117888	


0.001311	0.000690	-0.000348	0.000753	-0.000735	-0.000297	-0.000179	-0.000797	
0.000690	0.000415	-0.000587	0.000003	-0.000617	-0.000299	0.000420	0.000087	
-0.000348	-0.000587	0.003551	0.003435	0.002029	0.001119	-0.003677	-0.005206	
0.000753	0.000003	0.003435	0.005407	0.001476	0.000828	-0.003454	-0.009012	
-0.000735	-0.000617	0.002029	0.001476	0.003687	0.001914	-0.002423	-0.000283	
-0.000297	-0.000299	0.001119	0.000828	0.001914	0.001081	-0.001755	0.000033	
-0.000179	0.000420	-0.003677	-0.003454	-0.002423	-0.001755	0.006421	0.003276	
-0.000797	0.000087	-0.005206	-0.009012	-0.000283	0.000033	0.003276	0.020210	


